2154	102110
2195	102200
2204	32036
2205	26979
2225	102641
2226	102642
2227	102643
2228	102644
2229	102645
2230	102646
2231	102653
2232	102654
2233	102655
2234	102656
2235	102657
2236	102658
2237	102659
2238	102660
2239	102666
2240	102667
2241	102668
2242	102669
2243	102670
2246	102679
2247	102680
2248	102685
2249	102686
2250	102687
2254	102694
2255	102695
2257	102712
2258	102713
2259	102714
2260	102715
2261	102716
2262	102717
2263	102718
2264	102719
2267	102724
2268	102725
2271	102728
2272	102729
2274	102736
2275	102737
2276	102738
2277	102739
2278	102740
2279	102741
2283	102746
2284	102747
2285	102748
2286	102749
2287	102752
2288	102753
2289	102754
2312	23433
2326	102140
2395	2091
2396	2092
2397	2166
2398	2167
2399	2168
2759	102229
2760	102230
2761	102248
2762	102249
2763	102250
2764	102251
2765	102252
2766	102241
2767	102242
2768	102243
2769	102244
2770	102245
2771	102246
2772	102253
2773	102254
2774	102255
2775	102256
2776	102257
2777	102258
2778	102259
2779	102260
2780	102266
2781	102267
2782	102261
2783	102262
2784	102263
2785	102264
2786	102265
2787	102268
2788	102269
2789	102270
2790	102271
2791	102272
2792	102273
2793	102274
2794	102275
2795	102276
2796	102277
2797	102278
2798	102279
2799	102280
2800	102281
2801	102282
2802	102283
2803	102284
2804	102285
2805	102286
2806	102287
2807	102288
2808	102289
2809	102290
2810	102291
2811	102292
2812	102293
2813	102294
2814	102295
2815	102296
2816	102297
2817	102298
2818	102300
2819	102304
2820	102307
2821	102308
2822	102309
2823	102310
2824	102311
2825	102312
2826	102313
2827	102314
2828	102315
2829	102316
2830	102317
2831	102318
2832	102320
2833	102321
2834	102322
2835	102323
2836	102324
2837	102325
2838	102326
2839	102327
2840	102330
2841	102334
2842	102335
2843	102336
2844	102337
2845	102338
2846	102339
2847	102340
2848	102341
2849	102342
2850	102343
2851	102344
2852	102345
2853	102346
2854	102347
2855	102348
2856	102349
2857	102350
2858	102351
2859	102352
2860	102353
2861	102354
2862	102355
2863	102356
2864	102357
2865	102358
2866	102361
2942	102167
2943	102169
2944	2139
2945	2140
2946	2141
2947	2142
2948	2143
2949	2144
2950	2145
2951	2146
2952	2147
2953	2036
2954	2291
2955	2153
2956	2152
2957	2151
2958	2150
2959	2149
2960	2037
2961	2038
2962	2148
2965	2244
2966	2245
3003	102091
3004	102092
3005	102190
3060	2982
3067	102139
3072	102606
3074	102608
3075	102208
3077	102210
3078	102123
3080	102119
3081	102603
3082	102602
3083	102601
3088	65163
3089	102763
3090	102363
3092	102151
3093	102152
3094	102153
3095	102154
3096	102155
3097	102145
3098	102146
3099	102147
3100	102148
3101	102149
3102	2155
3107	102172
3110	102170
3111	102171
3119	2214
3158	102234
3159	102235
3160	102236
3336	2979
3338	102006
3346	2600
3370	102126
3371	102127
3372	102130
3373	102131
3389	2577
3390	2694
3400	102184
3401	102185
3404	3359
3407	3366
3417	102675
3418	102676
3419	102677
3420	102678
3421	102707
3422	102708
3423	102709
3424	102711
3433	102651
3434	102652
3435	102671
3436	102672
3437	102710
3438	102730
3448	102095
3451	102681
3452	102682
3455	102735
3461	2063
3462	2064
3463	3073
3464	3076
3560	102742
3566	102743
3567	102744
3734	102722
3735	102723
3736	102755
3737	102756
3738	102757
3739	102758
3741	102205
3742	102206
3743	102207
3748	102211
3750	102202
3751	102203
3759	102663
3760	102463
3764	102112
3770	102090
3771	102180
3772	102181
3773	102182
3775	102186
3776	102187
3777	102188
3800	102183
3801	102189
3812	102199
3814	102609
3815	102469
3819	104990
3821	104136
3824	104137
3825	102444
3826	102443
3827	102442
3828	102441
3857	102100
3889	104991
3906	104992
4048	103201
4049	103202
4050	103203
4051	103204
4056	103205
4057	103206
4058	103207
4059	103208
4060	103209
4061	103210
4062	103211
4063	103212
4071	103213
4082	103214
4083	103215
4093	103216
4094	103217
4095	103218
4096	103219
4167	104108
4169	37252
4171	104107
4189	104110
4197	4234
4223	37223
4304	104304
4414	102201
4415	102762
4417	102764
4434	102765
4437	102647
4455	32029
4456	32018
4457	3454
4462	102439
4463	4466
4470	4469
4484	103794
4485	103795
4486	103796
4487	103797
4488	103798
4489	103799
4611	104104
4612	104111
4613	37255
4615	37247
4616	37250
4617	4140
4618	4291
4620	37211
4626	37235
4647	102362
4658	37204
4668	37201
4669	4126
4672	37217
4673	104125
4675	37220
4684	37232
4698	4631
4707	37213
4708	37231
4709	37212
4710	37238
4711	37214
4712	37237
4713	37208
4714	37215
4715	37253
4716	37216
4717	37239
4719	37219
4722	37242
4724	37233
4725	37222
4727	37224
4728	37246
4729	37226
4730	37227
4731	37228
4732	37229
4733	37230
4734	37251
4735	37259
4736	37254
4739	37205
4758	104133
4760	37001
4762	104114
4826	102214
5013	104142
5014	102331
5015	102332
5016	102333
5173	102085
5174	102086
5175	102087
5176	102088
5177	102089
5178	102040
5179	102080
5185	102081
5186	102082
5187	102083
5188	102084
5221	102066
5246	104100
5247	102490
5324	104144
5325	102420
5329	2934
5365	104143
5367	102305
5451	104132
5513	102065
5514	102067
5519	102111
5520	31461
5646	102745
5839	5388
5858	5532
5879	4474
6207	104256
6244	102769
6245	102790
6246	102770
6247	102771
6248	102793
6249	102796
6250	102772
6251	102788
6252	102775
6253	102795
6254	102781
6255	102767
6256	102774
6257	102768
6258	102797
6259	102789
6260	102780
6261	102783
6262	102787
6263	102791
6264	102777
6265	102798
6266	102779
6267	102784
6268	102792
6269	102782
6270	102785
6271	102794
6272	102773
6273	102778
6274	102786
6275	102776
6311	104141
6318	104145
6322	104287
6325	104286
6328	102046
6329	102047
6330	102048
6331	102049
6332	102050
6333	102051
6334	102052
6335	102053
6336	102054
6337	102055
6338	102056
6339	102057
6340	102058
6341	102059
6342	102382
6343	102383
6344	102384
6345	102385
6346	102386
6347	102387
6348	102388
6350	102965
6355	102975
6356	102976
6391	6141
6393	102966
6394	102977
6395	102978
6396	102979
6397	102980
6398	102981
6399	102982
6400	102983
6401	102984
6402	102985
6403	102986
6404	102988
6405	102991
6406	102987
6407	102990
6408	102989
6409	102992
6410	102993
6411	102995
6412	102994
6413	102996
6414	102962
6415	102997
6416	103003
6417	102998
6418	103004
6419	102999
6420	103005
6421	103000
6422	103006
6423	103001
6424	103007
6425	103002
6426	103008
6427	103010
6428	103013
6429	103009
6430	103012
6431	103011
6432	103014
6433	103015
6434	103016
6435	103017
6436	103018
6437	103019
6438	103022
6439	102967
6440	103021
6441	103024
6442	103020
6443	103023
6444	103025
6445	103027
6446	103026
6447	103028
6448	103030
6449	103033
6450	103029
6451	103032
6452	103031
6453	103034
6454	103035
6455	103037
6456	103036
6457	103038
6458	103039
6459	103041
6460	103040
6461	103042
6462	103043
6463	103045
6464	103044
6465	103046
6466	103047
6467	103049
6468	103048
6469	103050
6470	103051
6471	103052
6472	103053
6473	103054
6474	103055
6475	103056
6476	103057
6477	103059
6478	103058
6479	103060
6480	103066
6481	103065
6482	103067
6483	103061
6484	103063
6485	103062
6486	103064
6487	103068
6488	103069
6489	103071
6490	103073
6491	103070
6492	103072
6493	103075
6494	103078
6495	103074
6496	103077
6497	102968
6498	103076
6499	103079
6500	103081
6501	103084
6502	103080
6503	103083
6504	103082
6505	103085
6506	103086
6507	103088
6508	102963
6509	103087
6510	103089
6511	103091
6512	103090
6513	103092
6514	103093
6515	103094
6516	103095
6518	103098
6519	103101
6520	103097
6521	103100
6522	103099
6523	103102
6524	103103
6525	103104
6526	103105
6527	103106
6528	103108
6529	103111
6530	103107
6531	103110
6532	103109
6533	103112
6534	103114
6535	103118
6536	103113
6537	103117
6538	103116
6539	103120
6540	103115
6541	103119
6542	103121
6543	103122
6544	103123
6545	103125
6546	103124
6547	103126
6548	103127
6549	103129
6550	103128
6551	103130
6552	103131
6553	103133
6554	103132
6555	103134
6556	102969
6557	102970
6558	103135
6559	103137
6560	103136
6561	103138
6562	103139
6563	103140
6564	103141
6565	103142
6566	103200
6567	103143
6568	103144
6569	103145
6570	103146
6571	103147
6572	103149
6573	103148
6574	103150
6575	103151
6576	103152
6577	103155
6578	103160
6579	102971
6580	102972
6581	103153
6582	103158
6583	103154
6584	103159
6585	103157
6586	103162
6587	103156
6588	103161
6589	103172
6590	103173
6592	103174
6593	103176
6594	103175
6595	103177
6596	103178
6597	103180
6598	103179
6599	103181
6600	103182
6601	103184
6602	103183
6603	103185
6605	103190
6606	103186
6607	103189
6608	103188
6609	103191
6610	102973
6611	103192
6612	103196
6613	103193
6614	103197
6615	103195
6616	103199
6617	103194
6618	103198
6619	103164
6620	103163
6621	103165
6625	103170
6626	103169
6627	103171
6628	102520
6629	102521
6630	102522
6631	102523
6632	102524
6633	102527
6634	102493
6635	102494
6636	102496
6637	102495
6668	104020
6669	102610
6670	102611
6671	102612
6672	102613
6673	102614
6674	102615
6675	102616
6676	102617
6677	102618
6678	102619
6679	102620
6680	102621
6681	102622
6682	102623
6683	102624
6684	102625
6685	102626
6686	102627
6687	102628
6688	102593
6689	102594
6690	102595
6691	102596
6692	102597
6783	104223
6784	102530
6785	102500
6788	102532
6789	102502
6792	102533
6793	102503
6796	102531
6797	102501
6800	102534
6801	102504
6804	102535
6805	102505
6808	102536
6809	102506
6812	102537
6813	102507
6816	102538
6817	102508
6820	102539
6821	102509
6824	102540
6825	102510
6828	102541
6829	102511
6832	102542
6833	102512
6836	102543
6837	102513
6840	102544
6841	102514
6844	102546
6845	102516
6848	102545
6849	102515
6852	102547
6853	102517
6856	102548
6857	102518
6860	102549
6861	102519
6867	102380
6868	102381
6879	103187
6880	103096
6884	102376
6885	102378
6886	102377
6887	102379
7136	6980
7139	6987
7142	102706
7692	102557
7693	102558
7694	102559
7695	102560
7696	102561
8090	103318
8091	103418
8092	103317
8093	103417
8095	103371
8096	103471
8097	103369
8098	103469
8099	103368
8100	103468
8101	103367
8102	103467
8103	103366
8104	103466
8105	103365
8106	103465
8107	103364
8108	103464
8109	103363
8110	103463
8111	103362
8112	103462
8113	103361
8114	103461
8115	103360
8116	103460
8117	103359
8118	103459
8119	103357
8120	103457
8121	103356
8122	103456
8123	103355
8124	103455
8125	103354
8126	103454
8127	103353
8128	103453
8129	103352
8130	103452
8131	103350
8132	103450
8133	103349
8134	103449
8135	103348
8136	103448
8139	103343
8140	103443
8141	103342
8142	103442
8143	103341
8144	103441
8145	103339
8146	103439
8147	103337
8148	103437
8149	103336
8150	103436
8151	103334
8152	103434
8153	103333
8154	103433
8155	103331
8156	103431
8161	103326
8162	103426
8163	103325
8164	103425
8165	103324
8166	103424
8171	103321
8172	103421
8173	103320
8177	103420
8179	103316
8180	103416
8181	103315
8182	103415
8184	103314
8185	103414
8191	103312
8193	103412
8196	103311
8197	103411
8198	103310
8200	103410
8201	103309
8202	103409
8203	103308
8204	103408
8207	103306
8208	103406
8209	103305
8210	103405
8212	103304
8213	103404
8214	103303
8216	103403
8218	103302
8220	103402
8222	103301
8224	103401
8431	104248
8441	102590
8693	102449
8826	102605
8857	54035
8858	54036
8859	54037
8860	8449
8988	104115
8989	104116
8990	104117
8991	104118
8992	104119
8993	104120
8994	104121
8995	104122
8996	104123
8997	104124
8998	104896
8999	104257
9000	104019
9014	104010
9019	104021
9053	104011
9054	104012
9055	104013
9056	104014
9057	104015
9059	104258
9060	104179
9061	104180
9062	104181
9063	104182
9064	104183
9065	104184
9066	104185
9067	104186
21896	21891
21897	21892
21898	21893
21899	21894
26701	102124
26702	102125
26799	26747
26847	102683
26848	102684
26849	102691
26850	102692
26851	102693
26852	102704
26853	102750
26854	102751
26857	102466
26858	102467
26859	102468
26901	102128
26902	102129
27493	27492
29101	29100
29168	29118
29169	29119
29170	29120
29171	29121
29172	29122
29187	29177
29188	29178
29189	29179
29190	29180
29191	29181
29192	29182
29193	29183
29194	29184
29195	29185
29902	29900
31279	31278
31281	31291
31282	31292
31283	31293
31284	31294
31285	31295
31286	31296
31287	31297
31466	31462
31467	31463
31468	31464
31469	31465
31986	31917
31987	31918
31988	31919
31989	31920
31990	31921
31991	31922
32064	32074
32065	32075
32066	32076
32067	32077
102550	2181
102551	2182
102552	2183
102553	2184
102554	2185
102555	2186
102556	2187
