2000	5
2001	5
2002	5
2003	5
2004	5
2005	5
2006	5
2007	5
2008	5
2009	5
2010	5
2011	5
2012	5
2013	5
2014	5
2015	5
2016	5
2017	5
2018	5
2019	5
2020	5
2021	5
2022	5
2023	5
2024	5
2025	5
2026	5
2027	5
2028	5
2029	5
2030	5
2031	5
2032	5
2033	5
2034	5
2035	5
2036	5
2037	5
2038	5
2039	5
2040	5
2041	5
2042	5
2043	5
2044	5
2045	5
2056	5
2057	5
2058	5
2059	5
2060	5
2061	5
2062	5
2063	5
2064	5
2065	5
2066	15
2067	5
2068	5
2069	5
2070	5
2071	5
2072	5
2073	5
2074	5
2075	5
2076	5
2077	5
2078	5
2079	5
2080	5
2081	5
2082	5
2083	5
2084	5
2085	5
2086	5
2087	5
2088	5
2089	5
2090	5
2091	5
2092	5
2093	5
2094	5
2095	5
2096	5
2097	5
2098	5
2099	5
2100	5
2101	5
2102	5
2103	5
2104	5
2105	5
2106	5
2107	5
2108	5
2109	5
2110	5
2111	5
2112	5
2113	5
2114	5
2115	5
2116	5
2117	5
2118	5
2119	5
2120	5
2121	5
2122	5
2123	5
2124	5
2125	5
2126	5
2127	5
2128	5
2129	5
2130	5
2131	5
2132	5
2133	5
2134	5
2135	5
2136	12
2137	5
2138	5
2139	5
2140	5
2141	5
2142	5
2143	5
2144	5
2145	5
2146	5
2147	5
2148	5
2149	5
2150	5
2151	5
2152	5
2153	5
2155	10
2157	5
2158	5
2159	12
2160	12
2161	5
2162	5
2163	5
2164	5
2165	5
2166	5
2167	5
2168	5
2169	5
2170	5
2172	5
2173	5
2174	5
2175	5
2176	5
2177	5
2178	5
2179	5
2180	5
2181	5
2182	5
2183	5
2184	5
2185	5
2186	5
2187	5
2188	5
2189	5
2190	5
2191	5
2192	5
2193	5
2196	5
2197	5
2198	5
2200	5
2201	5
2202	5
2203	5
2206	5
2207	5
2208	5
2209	5
2210	5
2211	5
2212	5
2213	5
2214	5
2215	5
2216	5
2217	5
2219	5
2220	5
2222	11
2223	11
2224	11
2244	10
2245	10
2251	11
2252	11
2253	11
2256	11
2265	11
2266	11
2269	11
2270	11
2273	11
2280	11
2281	11
2282	11
2290	5
2291	5
2294	5
2295	5
2308	5
2309	5
2310	5
2311	5
2313	5
2314	14
2315	5
2316	5
2317	5
2318	5
2319	5
2320	5
2321	5
2322	5
2323	5
2324	5
2325	5
2327	5
2328	5
2329	5
2330	5
2331	5
2332	5
2333	5
2334	5
2335	5
2336	5
2337	5
2338	5
2339	5
2340	5
2341	5
2342	5
2343	5
2344	5
2345	5
2346	5
2347	5
2348	5
2349	5
2350	5
2351	5
2352	5
2353	5
2354	5
2355	5
2356	5
2357	5
2358	5
2359	5
2360	5
2361	5
2362	5
2363	5
2364	5
2365	5
2366	5
2367	5
2368	5
2369	5
2370	5
2371	5
2372	5
2373	5
2374	5
2375	5
2376	5
2377	5
2378	5
2379	5
2380	5
2381	5
2382	5
2383	5
2384	5
2385	5
2386	5
2387	5
2388	5
2389	5
2390	5
2391	5
2392	5
2393	5
2394	5
2400	5
2401	5
2402	5
2403	5
2404	5
2405	5
2406	5
2407	5
2408	5
2409	5
2410	5
2411	5
2412	5
2413	5
2414	5
2415	5
2416	5
2417	5
2418	5
2419	5
2420	5
2421	5
2422	5
2423	5
2424	5
2425	5
2426	5
2427	5
2428	5
2429	5
2430	5
2431	5
2432	5
2433	5
2434	5
2435	5
2436	5
2437	5
2438	5
2439	5
2440	5
2441	5
2442	5
2443	5
2444	5
2445	5
2446	5
2447	5
2448	5
2449	5
2450	5
2451	5
2452	5
2453	5
2454	5
2455	5
2456	5
2457	5
2458	5
2459	5
2460	5
2461	5
2462	5
2463	5
2464	5
2465	5
2466	5
2467	5
2468	5
2469	5
2470	5
2471	5
2472	5
2473	5
2474	5
2475	5
2476	5
2477	5
2478	5
2479	5
2480	5
2481	5
2482	5
2483	5
2484	5
2485	5
2486	5
2487	5
2488	5
2489	5
2490	5
2491	5
2494	5
2495	5
2496	5
2497	5
2498	5
2499	5
2500	5
2501	5
2502	5
2503	5
2504	5
2505	5
2506	5
2507	5
2508	5
2509	5
2510	5
2511	5
2512	5
2513	5
2514	5
2515	5
2516	5
2517	5
2518	5
2519	5
2520	5
2521	5
2522	5
2523	5
2524	5
2525	5
2526	5
2527	5
2528	5
2529	5
2530	5
2531	5
2532	5
2533	5
2534	5
2535	5
2536	5
2537	5
2538	5
2539	5
2540	5
2541	5
2542	5
2543	5
2544	5
2545	5
2546	5
2547	5
2548	5
2549	5
2550	5
2551	5
2552	5
2553	5
2554	5
2555	5
2556	5
2557	5
2558	5
2559	5
2560	5
2561	5
2562	5
2563	5
2564	5
2565	5
2566	5
2567	5
2568	5
2569	5
2570	5
2571	5
2572	5
2573	5
2574	5
2575	5
2576	5
2577	5
2578	5
2579	5
2580	5
2581	5
2582	5
2583	5
2584	5
2585	5
2586	5
2587	5
2588	5
2589	5
2590	5
2591	5
2592	5
2593	5
2594	5
2595	5
2596	5
2597	5
2598	5
2599	5
2600	5
2601	5
2602	5
2603	5
2604	5
2605	5
2606	5
2607	5
2608	5
2609	5
2610	5
2611	5
2612	5
2613	5
2614	5
2615	5
2616	5
2617	5
2618	5
2619	5
2620	5
2621	5
2622	5
2623	5
2624	5
2625	5
2626	5
2627	5
2628	5
2629	5
2630	5
2631	5
2632	5
2633	5
2634	5
2635	5
2636	5
2637	5
2638	5
2639	5
2640	5
2641	5
2642	5
2643	5
2644	5
2645	5
2646	5
2647	5
2648	5
2649	5
2650	5
2651	5
2652	5
2653	5
2654	5
2655	5
2656	5
2657	5
2658	5
2659	5
2660	5
2661	5
2662	5
2663	5
2664	5
2665	5
2666	5
2667	5
2668	5
2669	5
2670	5
2671	5
2672	5
2673	5
2674	5
2675	5
2676	5
2677	5
2678	5
2679	5
2680	5
2681	5
2682	5
2683	5
2684	5
2685	5
2686	5
2687	5
2688	5
2689	5
2690	5
2691	5
2692	5
2693	5
2694	5
2695	5
2696	5
2697	5
2698	5
2699	5
2700	5
2701	5
2702	5
2703	5
2704	5
2705	5
2706	5
2707	5
2708	5
2709	5
2710	5
2711	5
2712	5
2713	5
2714	5
2715	5
2716	5
2717	5
2718	5
2719	5
2720	5
2721	5
2722	5
2723	5
2724	5
2725	5
2726	5
2727	5
2728	5
2729	5
2730	5
2731	5
2732	5
2733	5
2734	5
2735	5
2736	5
2737	5
2738	5
2739	5
2740	5
2741	5
2742	5
2743	5
2744	5
2745	5
2746	5
2747	5
2748	5
2749	5
2750	5
2751	5
2752	5
2753	5
2754	5
2755	5
2756	5
2757	5
2758	5
2867	11
2868	11
2869	11
2870	10
2871	10
2872	10
2873	10
2874	10
2875	10
2876	10
2877	10
2878	10
2879	10
2880	10
2881	10
2882	10
2883	10
2884	10
2885	10
2886	10
2887	10
2888	10
2891	10
2892	10
2893	10
2894	10
2895	10
2896	11
2897	11
2898	11
2899	10
2900	10
2901	11
2902	10
2903	10
2904	10
2905	10
2906	10
2907	10
2908	10
2909	11
2910	11
2911	10
2912	10
2913	11
2914	11
2915	10
2916	10
2917	10
2918	10
2919	10
2920	10
2921	11
2922	11
2923	11
2924	10
2925	10
2926	10
2927	10
2928	10
2929	10
2930	10
2931	5
2932	5
2933	5
2934	5
2935	5
2936	5
2937	5
2938	5
2939	5
2940	5
2941	5
2964	10
2967	10
2968	10
2969	5
2970	5
2971	5
2972	5
2973	5
2975	5
2976	5
2977	5
2978	5
2979	5
2980	5
2981	5
2982	5
2984	5
2985	5
2986	5
2987	5
2988	5
2991	5
2992	11
2993	5
2994	11
2995	5
2996	5
2997	5
2998	5
2999	5
3000	5
3001	5
3002	5
3006	5
3007	5
3008	5
3009	5
3010	5
3011	5
3012	5
3013	5
3014	5
3015	5
3016	5
3017	5
3018	5
3019	5
3020	5
3021	5
3022	5
3023	5
3024	5
3025	5
3026	5
3027	5
3028	5
3029	5
3030	5
3031	5
3032	5
3033	5
3034	5
3035	5
3036	5
3037	5
3038	5
3039	5
3040	5
3041	5
3042	5
3043	5
3044	5
3045	5
3046	5
3047	5
3048	5
3049	5
3050	5
3051	5
3054	5
3055	5
3056	5
3057	5
3058	5
3059	5
3061	5
3062	5
3063	5
3064	5
3065	5
3066	5
3068	5
3069	5
3070	5
3071	5
3073	5
3076	5
3079	5
3084	5
3085	5
3086	5
3087	5
3091	10
3106	5
3108	5
3109	5
3112	5
3113	5
3114	5
3115	5
3116	5
3117	5
3118	5
3120	5
3121	5
3122	5
3123	5
3124	5
3125	5
3126	5
3127	5
3128	5
3129	5
3130	5
3131	5
3132	5
3133	5
3134	5
3135	5
3136	5
3137	5
3138	5
3141	5
3142	5
3146	5
3147	5
3148	5
3149	5
3150	5
3151	5
3153	5
3154	5
3155	5
3156	5
3157	5
3161	5
3162	5
3163	5
3164	5
3165	5
3166	5
3167	4
3168	5
3169	5
3170	5
3171	5
3172	5
3174	5
3175	5
3176	5
3177	5
3178	5
3179	5
3180	5
3181	5
3182	5
3183	5
3184	5
3185	5
3186	5
3187	5
3188	5
3189	5
3190	5
3191	5
3192	5
3193	5
3194	5
3195	5
3196	5
3197	5
3198	5
3199	5
3200	5
3201	5
3202	5
3203	5
3294	5
3295	5
3296	5
3297	5
3298	5
3299	5
3300	5
3301	5
3302	5
3303	5
3304	5
3305	5
3306	5
3307	5
3308	5
3309	5
3310	5
3311	5
3312	5
3313	5
3315	5
3316	5
3317	5
3318	5
3319	5
3320	5
3321	5
3322	5
3323	5
3324	5
3325	5
3326	5
3327	5
3328	5
3329	5
3330	5
3331	5
3332	5
3333	5
3334	5
3335	5
3337	5
3339	5
3340	5
3341	5
3342	5
3343	5
3344	5
3345	5
3347	5
3348	5
3350	5
3351	5
3352	5
3353	5
3354	5
3355	5
3356	5
3357	5
3358	5
3359	10
3360	5
3361	11
3362	5
3363	10
3364	5
3365	10
3366	14
3367	5
3368	5
3369	5
3374	5
3375	5
3376	5
3377	5
3378	5
3379	5
3380	5
3381	5
3382	5
3383	5
3384	5
3385	5
3386	5
3387	5
3388	5
3391	5
3392	5
3393	5
3394	5
3395	5
3396	5
3397	5
3398	5
3399	5
3402	5
3403	5
3405	5
3406	5
3408	5
3409	5
3410	5
3411	5
3412	5
3413	5
3414	5
3415	5
3416	5
3425	10
3426	10
3427	10
3428	10
3429	10
3430	10
3431	10
3432	10
3439	5
3440	5
3441	10
3442	10
3443	10
3444	10
3445	10
3446	10
3447	5
3449	5
3450	5
3453	10
3454	10
3456	10
3457	10
3458	10
3459	10
3460	5
3465	5
3466	5
3467	5
3468	5
3469	5
3470	5
3471	5
3472	5
3473	5
3474	5
3475	5
3476	5
3477	5
3478	5
3479	11
3480	5
3481	11
3482	5
3483	11
3484	5
3485	10
3486	5
3487	10
3488	5
3489	5
3490	10
3491	5
3492	10
3493	5
3494	10
3495	5
3496	10
3497	5
3498	10
3499	5
3500	10
3501	5
3502	10
3503	5
3504	10
3505	5
3506	10
3507	5
3508	10
3509	5
3510	10
3511	5
3512	10
3513	5
3514	5
3515	10
3516	5
3517	10
3518	5
3519	10
3520	5
3521	10
3522	5
3523	10
3524	5
3525	10
3526	5
3527	10
3528	5
3529	10
3530	5
3531	10
3532	5
3533	10
3534	5
3535	10
3536	5
3537	10
3538	5
3539	10
3540	5
3541	10
3542	5
3543	10
3544	5
3545	10
3546	5
3547	10
3548	5
3549	10
3550	5
3551	10
3552	5
3553	10
3554	5
3555	5
3556	5
3557	5
3558	5
3559	5
3561	10
3562	10
3563	10
3564	10
3565	10
3568	10
3569	10
3570	10
3571	5
3572	5
3573	5
3574	5
3575	5
3576	5
3577	5
3578	5
3579	5
3580	5
3581	5
3582	10
3583	5
3584	10
3585	5
3586	10
3587	5
3588	11
3589	5
3590	11
3591	5
3592	5
3593	11
3594	5
3595	5
3596	5
3597	5
3598	10
3599	5
3600	10
3601	5
3602	5
3603	5
3604	5
3605	11
3606	5
3607	5
3608	10
3609	5
3610	10
3611	5
3612	10
3613	5
3614	10
3615	5
3616	10
3617	5
3618	10
3619	5
3620	10
3621	5
3622	10
3623	5
3624	10
3625	5
3626	10
3627	5
3628	10
3629	5
3630	10
3631	5
3632	10
3633	5
3634	11
3635	5
3636	11
3637	5
3638	5
3639	5
3640	10
3641	5
3642	10
3643	5
3644	11
3645	5
3646	11
3647	5
3648	11
3649	5
3650	10
3651	5
3652	10
3653	5
3654	10
3655	5
3656	11
3657	5
3658	10
3659	5
3660	10
3661	5
3662	10
3663	5
3664	10
3665	5
3666	5
3667	5
3668	10
3669	5
3670	10
3671	5
3672	10
3673	5
3674	10
3675	5
3676	11
3677	10
3678	5
3679	11
3680	10
3681	5
3682	11
3683	10
3684	5
3685	5
3686	10
3687	5
3688	10
3689	5
3690	10
3691	5
3692	10
3693	5
3694	5
3695	5
3696	10
3697	5
3698	10
3699	5
3700	10
3701	5
3702	5
3703	5
3704	5
3705	5
3706	5
3707	5
3708	5
3709	5
3710	5
3711	5
3712	5
3713	5
3714	5
3715	5
3716	5
3717	5
3718	5
3719	5
3720	5
3721	5
3722	5
3723	5
3724	5
3725	5
3726	5
3727	5
3728	10
3729	10
3730	10
3731	10
3732	10
3733	10
3740	5
3744	5
3745	5
3746	5
3747	5
3749	5
3753	10
3754	10
3755	10
3756	10
3757	10
3758	10
3761	5
3762	5
3763	5
3765	5
3766	5
3767	5
3768	5
3769	5
3779	5
3780	5
3781	5
3783	5
3784	5
3788	5
3789	5
3790	5
3791	5
3793	5
3794	5
3797	5
3798	5
3799	5
3802	5
3816	5
3829	5
3832	5
3833	5
3834	5
3835	5
3836	5
3837	5
3838	5
3839	5
3840	5
3841	5
3844	5
3845	5
3846	5
3847	5
3848	5
3849	5
3850	5
3851	5
3852	5
3854	5
3873	5
3874	5
3875	5
3876	5
3877	5
3878	5
3879	5
3880	5
3881	5
3882	5
3883	5
3884	5
3885	5
3890	5
3891	5
3892	5
3893	5
3911	5
3912	5
3920	5
3942	5
3943	5
3944	5
3945	5
3946	5
3947	5
3948	5
3949	5
3950	5
3968	5
3969	5
3970	5
3973	5
3974	5
3975	5
3976	5
3978	5
3979	5
3986	5
3987	5
3988	5
3989	5
3991	10
3992	10
3994	5
3995	5
3996	5
3997	5
4026	5
4037	5
4038	5
4087	5
4088	5
4217	10
4390	5
4391	5
4392	5
4393	5
4394	5
4395	5
4396	5
4397	5
4398	5
4399	10
4400	10
4401	10
4402	10
4403	10
4404	10
4405	10
4406	10
4407	10
4408	10
4409	10
4410	10
4411	10
4412	10
4413	10
4418	10
4419	10
4420	10
4421	10
4422	10
4423	10
4424	10
4425	10
4426	10
4427	10
4428	10
4429	10
4430	10
4431	10
4432	10
4433	10
4438	10
4439	10
4467	5
4471	5
4474	5
4491	5
4492	5
4493	5
4494	5
4495	5
4496	5
4497	5
4498	5
4499	5
4500	5
4501	5
4502	5
4503	5
4504	5
4505	5
4506	5
4507	5
4508	5
4509	5
4510	5
4511	5
4512	5
4513	5
4514	5
4515	5
4516	5
4517	5
4518	5
4519	5
4520	5
4521	5
4522	5
4523	5
4524	5
4525	5
4526	5
4527	5
4528	5
4529	5
4530	5
4531	5
4532	5
4533	5
4534	5
4535	5
4536	5
4537	5
4538	5
4539	5
4540	5
4541	5
4542	5
4543	5
4544	5
4545	5
4546	5
4547	5
4548	5
4549	5
4550	5
4551	5
4552	5
4553	5
4554	5
4559	5
4568	5
4569	5
4570	5
4571	5
4572	5
4573	5
4574	5
4575	5
4576	5
4577	5
4578	5
4579	5
4580	5
4581	5
4582	5
4583	5
4584	5
4585	5
4586	5
4587	5
4588	5
4589	5
4652	5
4653	5
4654	5
4655	5
4656	5
4766	5
4767	5
4768	5
4769	5
4770	5
4771	5
4772	5
4773	5
4774	5
4775	5
4776	5
4777	5
4778	5
4779	5
4780	5
4781	5
4782	5
4783	5
4784	5
4785	5
4786	5
4787	5
4788	5
4789	5
4790	5
4791	5
4792	5
4793	5
4794	5
4795	5
4796	5
4797	5
4798	5
4799	5
4800	5
4822	5
4839	5
5018	5
5048	5
5069	5
5070	5
5071	5
5072	5
5105	5
5106	5
5107	5
5108	5
5109	5
5110	5
5111	5
5112	5
5113	5
5114	5
5115	5
5116	5
5117	5
5118	5
5119	5
5120	5
5121	5
5122	5
5123	5
5124	5
5125	5
5126	5
5127	5
5128	5
5129	5
5130	5
5167	5
5168	5
5180	5
5181	5
5182	5
5183	5
5184	5
5223	5
5234	5
5235	5
5243	5
5253	5
5254	5
5255	5
5256	5
5257	5
5258	5
5259	5
5266	5
5269	5
5270	5
5271	5
5272	5
5273	5
5274	5
5275	5
5292	5
5293	5
5294	5
5295	5
5296	5
5297	5
5298	5
5299	5
5300	5
5301	5
5302	5
5303	5
5304	5
5305	5
5306	5
5307	5
5308	5
5309	5
5310	5
5311	5
5316	5
5320	5
5321	5
5330	5
5331	5
5337	5
5343	5
5344	5
5345	5
5346	5
5347	5
5348	5
5349	5
5355	5
5356	5
5357	5
5361	5
5362	5
5382	5
5383	5
5387	5
5388	5
5389	5
5396	5
5456	5
5457	5
5459	5
5460	5
5461	5
5462	5
5463	5
5469	5
5472	9
5479	5
5480	5
5481	5
5482	5
5490	5
5518	5
5523	5
5530	5
5531	5
5532	5
5533	5
5534	5
5535	5
5536	5
5537	5
5538	5
5539	5
5550	5
5551	5
5552	5
5559	5
5562	5
5563	5
5564	5
5565	5
5566	5
5567	5
5568	5
5569	5
5570	5
5571	5
5572	5
5573	5
5574	5
5575	5
5576	5
5577	5
5578	5
5579	5
5580	5
5581	5
5582	5
5583	5
5588	11
5589	14
5596	5
5623	10
5624	10
5625	10
5627	5
5629	5
5631	5
5632	5
5633	5
5634	5
5635	5
5636	5
5637	5
5638	5
5639	5
5641	5
5643	5
5644	5
5649	5
5650	5
5651	5
5652	5
5653	5
5654	10
5655	10
5659	5
5663	5
5664	5
5665	5
5666	5
5667	5
5668	5
5669	5
5670	5
5671	5
5672	5
5673	5
5674	5
5675	5
5676	5
5677	5
5678	5
5679	5
5680	5
5682	5
5683	5
5684	5
5685	5
5700	5
5825	5
5836	5
5837	5
5842	5
5844	5
5875	5
5876	5
5877	5
5880	5
5887	5
5890	5
5896	5
5897	5
5898	5
5899	5
5921	5
5922	5
5923	5
5924	5
5925	5
5926	5
5927	5
5928	5
5929	5
5930	5
5931	5
5932	5
5933	5
5934	5
5935	5
5936	5
5937	5
5938	5
5939	5
5940	5
6050	5
6051	5
6052	5
6053	5
6054	5
6055	5
6056	5
6057	5
6058	5
6059	5
6060	5
6061	5
6062	5
6063	5
6064	5
6065	5
6066	5
6067	5
6068	5
6069	5
6070	5
6071	5
6072	5
6073	5
6074	5
6075	5
6076	5
6077	5
6078	5
6079	5
6080	5
6081	5
6082	5
6083	5
6084	5
6085	5
6086	5
6087	5
6088	5
6089	5
6090	5
6091	5
6092	5
6093	5
6094	5
6095	5
6096	5
6097	5
6098	5
6099	5
6100	5
6101	5
6102	5
6103	5
6104	5
6105	5
6106	5
6107	5
6108	5
6109	5
6110	5
6111	5
6112	5
6113	5
6114	5
6115	5
6116	5
6117	5
6118	5
6119	5
6120	5
6121	5
6122	5
6123	5
6124	5
6125	5
6128	11
6129	11
6141	11
6204	5
6210	5
6211	5
6307	5
6312	5
6316	5
6351	5
6352	5
6353	5
6354	5
6362	5
6366	5
6367	5
6368	5
6369	5
6370	5
6371	5
6372	5
6381	5
6382	5
6383	5
6384	5
6385	5
6386	5
6387	5
6591	5
6622	5
6623	5
6624	5
6646	5
6703	5
6707	5
6708	5
6709	5
6720	5
6721	5
6722	5
6723	5
6732	5
6733	5
6734	5
6735	5
6736	5
6737	5
6738	5
6786	5
6787	11
6790	5
6791	11
6794	5
6795	11
6798	5
6799	11
6802	5
6803	11
6806	5
6807	11
6810	5
6811	11
6814	5
6815	11
6818	5
6819	11
6822	5
6823	11
6826	5
6827	11
6830	5
6831	11
6834	5
6835	11
6838	5
6839	11
6842	5
6843	11
6846	5
6847	11
6850	5
6851	11
6854	5
6855	11
6858	5
6859	11
6862	5
6863	11
6870	5
6875	5
6876	5
6915	5
6922	5
6923	10
6924	5
6925	10
6931	5
6932	5
6933	5
6962	5
6984	5
6991	5
7005	5
7006	5
7007	5
7057	10
7058	10
7059	10
7060	10
7061	10
7062	10
7063	10
7064	10
7065	10
7066	10
7067	10
7068	10
7069	10
7070	10
7074	5
7075	5
7076	5
7077	5
7078	5
7079	5
7080	5
7081	5
7082	5
7109	5
7110	5
7111	5
7112	5
7113	5
7114	5
7115	5
7116	5
7117	5
7118	5
7119	11
7120	11
7121	11
7122	11
7123	11
7124	11
7125	11
7126	11
7127	11
7128	10
7131	5
7132	10
7257	5
7258	10
7259	5
7260	10
7261	5
7262	10
7263	5
7264	10
7265	5
7266	10
7267	5
7268	10
7269	5
7270	10
7271	5
7272	10
7273	5
7274	10
7275	5
7276	10
7277	5
7278	10
7279	5
7280	10
7281	5
7282	10
7283	5
7284	10
7285	5
7286	10
7287	5
7288	10
7289	5
7290	10
7291	5
7292	10
7293	5
7294	10
7295	5
7296	10
7297	5
7298	10
7299	5
7300	10
7301	5
7302	10
7303	5
7304	10
7305	5
7306	10
7307	5
7308	10
7309	5
7310	10
7311	5
7312	10
7313	5
7314	10
7315	5
7316	10
7317	5
7318	10
7319	5
7320	10
7321	5
7322	10
7323	5
7324	10
7325	5
7326	10
7327	5
7328	10
7329	5
7330	10
7331	5
7332	10
7333	5
7334	10
7335	5
7336	10
7337	5
7338	10
7339	5
7340	10
7341	5
7342	10
7343	5
7344	10
7345	5
7346	10
7347	5
7348	10
7349	5
7350	10
7351	5
7352	10
7353	5
7354	10
7355	5
7356	10
7357	5
7358	10
7359	5
7360	10
7361	5
7362	10
7363	5
7364	10
7365	5
7366	10
7367	5
7368	10
7369	5
7370	10
7374	5
7375	5
7376	5
7528	5
7529	5
7530	5
7531	5
7532	5
7533	5
7534	5
7535	5
7536	5
7537	5
7538	5
7539	5
7540	5
7541	5
7542	5
7543	5
7544	5
7545	5
7546	5
7547	5
7548	5
7549	5
7550	5
7551	5
7552	5
7553	5
7554	5
7555	5
7556	5
7557	5
7558	5
7559	5
7560	5
7561	5
7562	5
7563	5
7564	5
7565	5
7566	5
7567	5
7568	5
7569	5
7570	5
7571	5
7572	5
7573	5
7574	5
7575	5
7576	5
7577	5
7578	5
7579	5
7580	5
7581	5
7582	5
7583	5
7584	5
7585	5
7586	5
7587	10
7588	10
7589	10
7590	10
7591	10
7592	10
7593	10
7594	10
7595	10
7596	10
7597	10
7598	10
7599	10
7600	10
7601	10
7602	10
7603	10
7604	10
7605	10
7606	10
7607	10
7608	10
7609	10
7610	10
7611	10
7612	10
7613	10
7614	10
7615	10
7616	10
7617	10
7618	10
7619	10
7620	10
7621	10
7622	10
7623	10
7624	10
7625	10
7626	10
7627	10
7628	10
7629	10
7630	10
7631	10
7632	10
7633	10
7634	10
7635	10
7636	10
7637	10
7638	10
7639	10
7640	10
7641	10
7642	10
7643	10
7644	10
7645	10
7755	5
7756	5
7757	5
7758	5
7759	5
7760	5
7761	5
7762	5
7763	5
7764	5
7765	5
7766	5
7767	5
7768	5
7769	5
7770	5
7771	5
7772	5
7773	5
7774	5
7775	5
7776	5
7777	5
7778	5
7779	5
7780	5
7781	5
7782	5
7783	5
7784	5
7785	5
7786	5
7787	5
7791	5
7792	5
7793	5
7794	5
7795	5
7799	5
7800	5
7801	5
7803	5
7804	5
7805	5
7825	5
7826	5
7827	5
7828	5
7829	5
7830	5
7831	5
7845	5
7846	5
7847	5
7848	5
7849	5
7850	5
7851	5
7852	5
7853	5
7854	5
7855	5
7856	5
7857	5
7858	5
7859	5
7877	5
7878	5
7882	5
7883	5
7887	5
7899	5
7991	5
7992	5
8013	5
8014	5
8015	5
8016	5
8017	5
8018	5
8019	5
8020	5
8021	5
8022	5
8023	5
8024	5
8025	5
8026	5
8027	5
8028	5
8029	5
8030	5
8031	5
8032	5
8035	10
8036	10
8058	5
8059	5
8065	11
8066	11
8067	11
8068	11
8082	5
8083	5
8088	5
8137	5
8138	10
8157	5
8158	10
8159	5
8160	10
8167	5
8168	10
8169	5
8170	10
8187	5
8189	10
8205	5
8206	10
8225	5
8226	10
8311	5
8312	11
8313	5
8314	11
8315	5
8316	11
8317	5
8318	11
8319	5
8320	11
8321	5
8322	11
8323	5
8324	11
8325	5
8326	11
8327	5
8328	11
8329	5
8330	11
8331	5
8332	11
8333	5
8334	11
8335	5
8336	11
8337	5
8338	11
8339	5
8340	11
8341	5
8342	11
8343	5
8344	11
8345	5
8346	11
8347	5
8348	11
8352	5
8353	5
8379	5
8380	10
8381	5
8382	10
8383	5
8384	10
8385	5
8387	10
8391	5
8395	5
8433	5
8455	5
8456	5
8518	10
8519	10
8520	10
8521	10
8522	10
8523	10
8524	10
8525	10
8526	10
8527	10
8528	10
8529	10
8531	10
8533	10
8534	10
8535	10
8536	10
8538	10
8539	10
8540	10
8677	5
8678	5
8679	5
8682	5
8687	5
8692	5
8836	5
8837	5
8838	5
8839	5
8840	5
8903	5
8908	5
8909	5
8910	5
8950	5
8951	5
9039	5
9040	5
9141	5
9149	5
9150	5
9154	5
9155	5
9156	5
9157	5
9158	5
9159	5
9191	5
9205	5
9206	5
9207	5
9208	5
9209	5
9210	5
9211	5
9212	5
9213	5
9214	5
9215	5
9216	5
9217	5
9218	5
9221	5
9222	5
20002	5
20003	5
20004	5
20005	5
20006	5
20007	5
20008	5
20009	5
20010	5
20011	5
20012	5
20013	5
20014	5
20015	5
20016	5
20017	5
20018	5
20019	5
20020	5
20021	5
20022	5
20023	5
20024	5
20025	5
20026	5
20027	5
20028	5
20029	5
20030	5
20031	5
20032	5
20062	5
20063	5
20064	5
20065	5
20066	5
20067	5
20068	5
20069	5
20070	5
20071	5
20072	5
20073	5
20074	5
20075	5
20076	5
20077	5
20078	5
20079	5
20080	5
20081	5
20082	5
20083	5
20084	5
20085	5
20086	5
20087	5
20088	5
20089	5
20090	5
20091	5
20092	5
20135	5
20136	5
20137	5
20138	5
20248	5
20249	5
20250	5
20251	5
20252	5
20253	5
20254	5
20255	5
20256	5
20257	5
20258	5
20348	5
20349	5
20350	5
20351	5
20352	5
20353	5
20354	5
20355	5
20356	5
20357	5
20358	5
20436	5
20437	5
20438	5
20439	5
20440	5
20499	5
20538	5
20539	5
20790	5
20791	5
20822	5
20823	5
20824	5
20934	5
20935	5
20936	5
21035	5
21036	5
21037	5
21095	5
21096	5
21097	5
21148	5
21149	5
21150	5
21291	5
21292	5
21413	5
21414	5
21415	5
21416	5
21417	5
21418	5
21419	5
21420	5
21421	5
21422	5
21423	5
21473	5
21474	5
21475	5
21476	5
21477	5
21478	5
21479	5
21480	5
21481	5
21482	5
21483	5
21500	5
21780	5
21781	5
21782	5
21817	5
21818	5
21891	5
21892	5
21893	5
21894	5
22032	5
22033	5
22091	5
22092	5
22171	5
22172	5
22173	5
22174	5
22175	5
22176	5
22177	5
22181	5
22182	5
22183	5
22184	5
22185	5
22186	5
22187	5
22191	5
22192	5
22193	5
22194	5
22195	5
22196	5
22197	5
22234	5
22235	5
22236	5
22332	5
22391	5
22392	5
22521	5
22522	5
22523	5
22524	5
22525	5
22700	5
22770	5
22780	5
22832	5
22991	5
22992	5
22993	5
22994	5
23028	5
23029	5
23030	5
23031	5
23032	5
23033	5
23034	5
23035	5
23036	5
23037	5
23038	5
23090	5
23095	5
23239	5
23240	5
23433	5
23700	5
23830	5
23831	5
23832	5
23833	5
23834	5
23835	5
23836	5
23837	5
23838	5
23839	5
23840	5
23841	5
23842	5
23843	5
23844	5
23845	5
23846	5
23847	5
23848	5
23849	5
23850	5
23851	5
23852	5
23853	5
23866	5
23867	5
23868	5
23869	5
23870	5
23871	5
23872	5
23877	5
23878	5
23879	5
23880	5
23881	5
23882	5
23883	5
23884	5
23886	5
23887	5
23888	5
23889	5
23890	5
23891	5
23892	5
23893	5
23894	5
23946	5
23947	5
23948	5
24047	5
24048	5
24100	14
24200	5
24305	5
24306	5
24311	5
24312	5
24313	5
24342	5
24343	5
24344	5
24345	5
24346	5
24347	5
24370	6
24371	6
24372	6
24373	6
24374	6
24375	5
24376	5
24377	5
24378	5
24379	5
24380	5
24381	5
24382	6
24383	5
24500	5
24547	5
24548	5
24571	2
24600	5
24718	5
24719	5
24720	5
24721	5
24817	5
24818	5
24819	5
24820	5
24821	5
24877	5
24878	5
24879	5
24880	5
24881	5
24882	5
24891	5
24892	5
24893	5
25000	5
25231	5
25391	5
25392	5
25393	5
25394	5
25395	5
25828	5
25829	5
25830	5
25831	5
25832	5
25833	5
25834	5
25835	5
25836	5
25837	5
25838	5
25884	5
25932	5
26191	5
26192	5
26193	5
26194	5
26195	5
26237	5
26331	5
26332	5
26391	5
26392	5
26393	5
26591	5
26592	5
26632	5
26692	5
26703	5
26704	5
26705	5
26706	5
26707	5
26708	5
26709	5
26710	5
26711	5
26712	5
26713	5
26714	5
26715	5
26716	5
26717	5
26718	5
26719	5
26720	5
26721	5
26722	5
26729	10
26730	10
26731	10
26732	10
26733	10
26734	10
26735	10
26736	10
26737	10
26738	10
26739	10
26740	10
26741	10
26742	10
26743	10
26744	10
26745	10
26746	10
26747	10
26748	10
26749	10
26750	10
26751	10
26752	10
26753	10
26754	10
26755	10
26756	10
26757	10
26758	10
26759	10
26760	10
26766	10
26767	10
26768	10
26769	10
26770	10
26771	10
26772	10
26773	10
26774	10
26775	10
26776	10
26777	10
26778	10
26779	10
26780	10
26781	10
26782	10
26783	10
26784	10
26785	10
26786	10
26787	10
26788	10
26789	10
26790	10
26791	10
26792	10
26793	10
26794	10
26795	10
26796	10
26797	10
26798	10
26855	10
26856	10
26860	10
26861	10
26862	10
26863	10
26864	10
26865	10
26866	10
26867	10
26868	10
26869	10
26870	10
26891	5
26892	5
26893	5
26894	5
26895	5
26896	5
26897	5
26898	5
26899	5
26903	5
26904	5
26905	5
26906	5
26907	5
26908	5
26909	5
26910	5
26911	5
26912	5
26913	5
26914	5
26915	5
26916	5
26917	5
26918	5
26919	5
26920	5
26921	5
26922	5
26923	5
26929	5
26930	5
26931	5
26932	5
26933	5
26934	5
26935	5
26936	5
26937	5
26938	5
26939	5
26940	5
26941	5
26942	5
26943	5
26944	5
26945	5
26946	5
26948	5
26949	5
26950	5
26951	5
26952	5
26953	5
26954	5
26955	5
26956	5
26957	5
26958	5
26959	5
26960	5
26961	5
26962	5
26963	5
26964	5
26965	5
26966	5
26967	5
26968	5
26969	5
26970	5
26971	5
26972	5
26973	5
26974	5
26975	5
26976	5
26977	5
26978	5
26979	5
26980	5
26981	5
26982	5
26983	5
26984	5
26985	5
26986	5
26987	5
26988	5
26989	5
26990	5
26991	5
26992	5
26993	5
26994	5
26995	5
26996	5
26997	5
26998	5
27037	5
27038	5
27039	5
27040	5
27120	5
27200	5
27205	5
27206	5
27207	5
27208	5
27209	5
27210	5
27211	5
27212	5
27213	5
27214	5
27215	5
27216	5
27217	5
27218	5
27219	5
27220	5
27221	5
27222	5
27223	5
27224	5
27225	5
27226	5
27227	5
27228	5
27229	5
27230	5
27231	5
27232	5
27258	5
27259	5
27260	5
27291	7
27292	7
27391	5
27392	5
27393	5
27394	5
27395	5
27396	5
27397	5
27398	5
27429	5
27492	5
27500	5
27561	5
27562	5
27563	5
27564	5
27571	5
27572	5
27573	5
27574	5
27581	5
27582	5
27583	5
27584	5
27591	5
27592	5
27593	5
27594	5
27700	5
28191	5
28192	5
28193	5
28232	5
28348	5
28349	5
28350	5
28351	5
28352	5
28353	5
28354	5
28355	5
28356	5
28357	5
28358	5
28402	5
28403	5
28404	5
28405	5
28406	5
28407	5
28408	5
28409	5
28410	5
28411	5
28412	5
28413	5
28414	5
28415	5
28416	5
28417	5
28418	5
28419	5
28420	5
28421	5
28422	5
28423	5
28424	5
28425	5
28426	5
28427	5
28428	5
28429	5
28430	5
28431	5
28432	5
28462	5
28463	5
28464	5
28465	5
28466	5
28467	5
28468	5
28469	5
28470	5
28471	5
28472	5
28473	5
28474	5
28475	5
28476	5
28477	5
28478	5
28479	5
28480	5
28481	5
28482	5
28483	5
28484	5
28485	5
28486	5
28487	5
28488	5
28489	5
28490	5
28491	5
28492	5
28600	5
28991	5
28992	5
29100	5
29118	5
29119	5
29120	5
29121	5
29122	5
29177	5
29178	5
29179	5
29180	5
29181	5
29182	5
29183	5
29184	5
29185	5
29220	5
29221	5
29333	5
29635	5
29636	5
29701	5
29738	5
29739	5
29849	5
29850	5
29871	3
29872	13
29873	5
29900	5
29901	5
29903	5
30161	5
30162	5
30163	5
30164	5
30165	5
30166	5
30167	5
30168	5
30169	5
30170	5
30171	5
30172	5
30173	5
30174	5
30175	5
30176	5
30177	5
30178	5
30179	5
30200	15
30339	5
30340	5
30491	5
30492	5
30493	5
30494	5
30729	5
30730	5
30731	5
30732	5
30791	5
30792	5
31028	5
31121	5
31154	5
31170	5
31171	5
31251	5
31252	5
31253	5
31254	5
31255	5
31256	5
31257	5
31258	5
31259	5
31265	5
31266	5
31267	5
31268	5
31275	5
31276	5
31277	5
31278	5
31288	5
31289	5
31290	5
31291	5
31292	5
31293	5
31294	5
31295	5
31296	5
31297	5
31370	5
31461	5
31462	5
31463	5
31464	5
31465	5
31491	5
31492	5
31493	5
31494	5
31495	5
31528	5
31529	5
31600	5
31700	5
31838	5
31839	5
31901	5
31917	5
31918	5
31919	5
31920	5
31921	5
31922	5
31965	5
31966	5
31967	5
31968	5
31969	5
31970	5
31971	5
31972	5
31973	5
31974	5
31975	5
31976	5
31977	5
31978	5
31979	5
31980	5
31981	5
31982	5
31983	5
31984	5
31985	5
31992	5
31993	5
31994	5
31995	5
31996	5
31997	5
31998	5
31999	5
32000	5
32001	10
32002	10
32003	10
32005	10
32006	10
32007	10
32008	10
32009	10
32010	10
32011	10
32012	10
32013	10
32014	10
32015	10
32016	10
32017	10
32018	10
32019	10
32020	10
32021	10
32022	10
32023	10
32024	10
32025	10
32026	10
32027	10
32028	10
32029	10
32030	10
32031	10
32033	10
32034	10
32035	10
32036	10
32037	10
32038	10
32039	10
32040	10
32041	10
32042	10
32043	10
32044	10
32045	10
32046	10
32047	10
32048	10
32049	10
32050	10
32051	10
32052	10
32053	10
32054	10
32055	10
32056	10
32057	10
32058	10
32059	10
32060	10
32061	5
32062	5
32074	10
32075	10
32076	10
32077	10
32081	5
32082	5
32083	5
32084	5
32085	5
32086	5
32098	5
32099	10
32100	5
32104	5
32107	5
32108	5
32109	5
32110	5
32111	5
32112	5
32113	5
32114	5
32115	5
32116	5
32117	5
32118	5
32119	5
32120	5
32121	5
32122	5
32123	5
32124	5
32125	5
32126	5
32127	5
32128	5
32129	5
32130	5
32133	5
32134	5
32135	5
32136	5
32137	5
32138	5
32139	5
32140	5
32141	5
32142	5
32143	5
32144	5
32145	5
32146	5
32147	5
32148	5
32149	5
32150	5
32151	5
32152	5
32153	5
32154	5
32155	5
32156	5
32157	5
32158	5
32161	5
32164	10
32165	10
32166	10
32167	10
32180	5
32181	5
32182	5
32183	5
32184	5
32185	5
32186	5
32187	5
32188	5
32189	5
32190	5
32191	5
32192	5
32193	5
32194	5
32195	5
32196	5
32197	5
32198	5
32199	5
32201	5
32202	5
32203	5
32204	5
32205	5
32206	5
32207	5
32208	5
32209	5
32210	5
32211	5
32212	5
32213	5
32214	5
32215	5
32216	5
32217	5
32218	5
32219	5
32220	5
32221	5
32222	5
32223	5
32224	5
32225	5
32226	5
32227	5
32228	5
32229	5
32230	5
32231	5
32232	5
32233	5
32234	5
32235	5
32236	5
32237	5
32238	5
32239	5
32240	5
32241	5
32242	5
32243	5
32244	5
32245	5
32246	5
32247	5
32248	5
32249	5
32250	5
32251	5
32252	5
32253	5
32254	5
32255	5
32256	5
32257	5
32258	5
32259	5
32260	5
32301	5
32302	5
32303	5
32304	5
32305	5
32306	5
32307	5
32308	5
32309	5
32310	5
32311	5
32312	5
32313	5
32314	5
32315	5
32316	5
32317	5
32318	5
32319	5
32320	5
32321	5
32322	5
32323	5
32324	5
32325	5
32326	5
32327	5
32328	5
32329	5
32330	5
32331	5
32332	5
32333	5
32334	5
32335	5
32336	5
32337	5
32338	5
32339	5
32340	5
32341	5
32342	5
32343	5
32344	5
32345	5
32346	5
32347	5
32348	5
32349	5
32350	5
32351	5
32352	5
32353	5
32354	5
32355	5
32356	5
32357	5
32358	5
32359	5
32360	5
32601	5
32602	5
32603	5
32604	5
32605	5
32606	5
32607	5
32608	5
32609	5
32610	5
32611	5
32612	5
32613	5
32614	5
32615	5
32616	5
32617	5
32618	5
32619	5
32620	5
32621	5
32622	5
32623	5
32624	5
32625	5
32626	5
32627	5
32628	5
32629	5
32630	5
32631	5
32632	5
32633	5
32634	5
32635	5
32636	5
32637	5
32638	5
32639	5
32640	5
32641	5
32642	5
32643	5
32644	5
32645	5
32646	5
32647	5
32648	5
32649	5
32650	5
32651	5
32652	5
32653	5
32654	5
32655	5
32656	5
32657	5
32658	5
32659	5
32660	5
32661	5
32662	5
32664	10
32665	10
32666	10
32667	10
32701	5
32702	5
32703	5
32704	5
32705	5
32706	5
32707	5
32708	5
32709	5
32710	5
32711	5
32712	5
32713	5
32714	5
32715	5
32716	5
32717	5
32718	5
32719	5
32720	5
32721	5
32722	5
32723	5
32724	5
32725	5
32726	5
32727	5
32728	5
32729	5
32730	5
32731	5
32732	5
32733	5
32734	5
32735	5
32736	5
32737	5
32738	5
32739	5
32740	5
32741	5
32742	5
32743	5
32744	5
32745	5
32746	5
32747	5
32748	5
32749	5
32750	5
32751	5
32752	5
32753	5
32754	5
32755	5
32756	5
32757	5
32758	5
32759	5
32760	5
32761	5
32766	5
53001	5
53002	5
53003	5
53004	5
53008	5
53009	5
53010	5
53011	5
53012	5
53013	5
53014	5
53015	5
53016	5
53017	5
53018	5
53019	5
53021	5
53022	5
53023	5
53024	5
53025	5
53026	5
53027	5
53028	5
53029	5
53030	5
53031	5
53032	5
53034	5
53035	5
53036	5
53037	5
53042	5
53043	5
53044	5
53045	5
53046	5
53048	5
53049	5
53074	5
53075	5
53076	5
53077	5
53078	5
53079	5
53080	5
54001	5
54002	5
54003	5
54004	5
54008	5
54009	5
54010	5
54011	5
54012	5
54013	5
54014	5
54015	5
54016	5
54017	5
54018	5
54019	5
54021	5
54022	5
54023	5
54024	5
54025	5
54026	5
54027	5
54028	5
54029	5
54030	5
54031	5
54032	5
54034	5
54035	5
54036	5
54037	5
54042	5
54043	5
54044	5
54045	5
54046	5
54048	5
54049	5
54050	5
54051	5
54052	5
54053	5
54074	5
54075	5
54076	5
54077	5
54078	5
54079	5
54080	5
54090	5
54091	5
54098	5
54099	5
54100	5
54101	5
65061	10
65062	10
65161	5
65163	5
102001	5
102002	5
102003	5
102004	5
102005	5
102006	5
102007	5
102008	5
102009	5
102010	5
102011	5
102012	5
102013	5
102014	5
102015	5
102016	5
102017	5
102018	5
102019	5
102020	5
102021	5
102022	5
102023	5
102024	5
102025	5
102026	5
102027	5
102028	5
102029	5
102030	5
102031	5
102032	5
102033	5
102034	5
102035	5
102036	5
102037	5
102038	5
102039	5
102040	5
102041	10
102042	5
102043	5
102044	5
102045	5
102046	5
102047	5
102048	5
102049	5
102050	5
102051	5
102052	5
102053	5
102054	5
102055	5
102056	5
102057	5
102058	5
102059	5
102060	5
102061	5
102062	5
102063	5
102064	8
102065	5
102066	5
102067	5
102068	1
102069	0
102070	5
102071	5
102072	5
102073	5
102074	5
102075	5
102076	5
102077	5
102078	5
102079	5
102080	5
102081	5
102082	5
102083	5
102084	5
102085	5
102086	5
102087	5
102088	5
102089	5
102090	5
102091	5
102092	5
102093	5
102094	5
102095	5
102096	5
102097	5
102098	5
102099	5
102100	5
102101	5
102102	5
102103	5
102104	5
102105	5
102106	5
102107	5
102108	5
102109	5
102110	5
102111	5
102112	5
102114	5
102115	5
102116	5
102117	5
102118	10
102119	11
102120	10
102121	10
102122	5
102123	5
102124	5
102125	5
102126	5
102127	5
102128	5
102129	5
102130	5
102131	5
102132	5
102133	5
102134	5
102135	5
102136	5
102137	5
102138	5
102139	5
102140	5
102141	5
102142	5
102143	5
102144	5
102145	5
102146	5
102147	5
102148	5
102149	5
102150	5
102151	5
102152	5
102153	5
102154	5
102155	5
102156	5
102157	5
102158	5
102159	5
102160	5
102161	5
102162	5
102163	5
102164	5
102165	5
102166	5
102167	5
102168	5
102169	5
102170	5
102171	5
102172	5
102173	5
102174	5
102175	5
102176	5
102177	5
102178	5
102179	5
102180	5
102181	5
102182	5
102183	5
102184	5
102185	5
102186	5
102187	5
102188	5
102189	5
102190	5
102191	5
102192	5
102193	5
102194	5
102195	5
102196	5
102197	5
102198	5
102199	5
102200	5
102201	5
102202	5
102203	5
102204	5
102205	5
102206	5
102207	5
102208	5
102210	5
102211	5
102212	5
102213	5
102214	5
102215	5
102216	5
102217	10
102218	5
102219	10
102220	10
102221	5
102222	5
102223	5
102224	5
102225	5
102226	5
102227	5
102228	5
102229	5
102230	5
102231	5
102232	5
102233	5
102234	5
102235	5
102236	5
102237	5
102238	5
102239	5
102240	5
102241	5
102242	5
102243	5
102244	5
102245	5
102246	5
102247	5
102248	5
102249	5
102250	5
102251	5
102252	5
102253	5
102254	5
102255	5
102256	5
102257	5
102258	5
102259	5
102260	5
102261	5
102262	5
102263	5
102264	5
102265	5
102266	5
102267	5
102268	5
102269	5
102270	5
102271	5
102272	5
102273	5
102274	5
102275	5
102276	5
102277	5
102278	5
102279	5
102280	5
102281	5
102282	5
102283	5
102284	5
102285	5
102286	5
102287	5
102288	5
102289	5
102290	5
102291	5
102292	5
102293	5
102294	5
102295	5
102296	5
102297	5
102298	5
102299	5
102300	5
102304	5
102305	5
102306	5
102307	5
102308	5
102309	5
102310	5
102311	5
102312	5
102313	5
102314	5
102315	5
102316	5
102317	5
102318	5
102319	5
102320	5
102321	5
102322	5
102323	5
102324	5
102325	5
102326	5
102327	5
102328	5
102329	5
102330	5
102331	5
102332	5
102333	5
102334	5
102335	5
102336	5
102337	5
102338	5
102339	5
102340	5
102341	5
102342	5
102343	5
102344	5
102345	5
102346	5
102347	5
102348	5
102349	5
102350	5
102351	5
102352	5
102353	5
102354	5
102355	5
102356	5
102357	5
102358	5
102359	5
102360	5
102361	5
102362	5
102363	5
102364	5
102365	5
102366	5
102367	5
102368	5
102369	5
102370	5
102371	5
102372	5
102373	5
102374	5
102375	5
102376	5
102377	5
102378	11
102379	11
102380	5
102381	11
102382	5
102383	5
102384	5
102385	5
102386	5
102387	5
102388	5
102389	10
102390	10
102391	10
102392	10
102393	10
102394	10
102395	10
102396	10
102397	10
102398	10
102399	5
102400	5
102401	5
102402	5
102403	5
102404	5
102405	5
102406	5
102407	5
102408	5
102409	5
102410	5
102411	5
102412	5
102413	5
102414	5
102415	5
102416	5
102417	5
102418	5
102419	5
102420	5
102421	5
102422	5
102423	5
102424	5
102425	5
102426	5
102427	5
102428	5
102429	5
102430	5
102431	5
102432	5
102433	5
102434	5
102435	5
102436	5
102437	5
102438	5
102439	5
102440	5
102441	5
102442	5
102443	5
102444	5
102445	10
102446	10
102447	10
102448	5
102449	5
102450	5
102451	5
102452	5
102453	5
102454	5
102455	5
102456	5
102457	5
102458	5
102459	10
102460	10
102461	10
102462	10
102463	10
102464	10
102465	10
102466	10
102467	10
102468	10
102469	5
102470	5
102471	5
102472	5
102473	5
102474	5
102475	5
102476	5
102477	5
102478	5
102479	5
102480	5
102481	5
102482	5
102483	5
102484	5
102485	5
102486	5
102487	5
102488	5
102489	5
102490	5
102491	5
102492	5
102493	5
102494	5
102495	5
102496	5
102498	5
102499	5
102500	11
102501	11
102502	11
102503	11
102504	11
102505	11
102506	11
102507	11
102508	11
102509	11
102510	11
102511	11
102512	11
102513	11
102514	11
102515	11
102516	11
102517	11
102518	11
102519	11
102520	5
102521	5
102522	5
102523	5
102524	5
102525	10
102526	10
102527	10
102528	10
102529	10
102530	5
102531	5
102532	5
102533	5
102534	5
102535	5
102536	5
102537	5
102538	5
102539	5
102540	5
102541	5
102542	5
102543	5
102544	5
102545	5
102546	5
102547	5
102548	5
102549	5
102557	5
102558	5
102559	5
102560	5
102561	5
102562	5
102563	5
102564	5
102565	5
102566	5
102567	5
102568	5
102569	5
102570	5
102571	5
102572	5
102573	5
102574	5
102575	5
102576	5
102577	5
102578	5
102579	5
102580	5
102581	5
102582	5
102583	5
102584	5
102585	5
102586	5
102587	5
102588	5
102589	10
102590	5
102593	5
102594	5
102595	5
102596	5
102597	5
102598	5
102599	10
102600	10
102601	5
102602	5
102603	5
102604	10
102605	5
102606	5
102608	5
102609	5
102610	5
102611	5
102612	5
102613	5
102614	5
102615	5
102616	5
102617	5
102618	5
102619	5
102620	5
102621	5
102622	5
102623	5
102624	5
102625	5
102626	5
102627	5
102628	5
102629	10
102630	10
102631	10
102632	10
102633	10
102634	10
102635	10
102636	10
102637	10
102638	10
102639	10
102640	10
102641	10
102642	10
102643	10
102644	10
102645	10
102646	10
102647	5
102648	10
102649	10
102650	10
102651	10
102652	10
102653	10
102654	10
102655	10
102656	10
102657	10
102658	10
102659	10
102660	10
102661	10
102662	10
102663	10
102664	10
102665	10
102666	10
102667	10
102668	10
102669	10
102670	10
102671	10
102672	10
102675	10
102676	10
102677	10
102678	10
102679	10
102680	10
102681	10
102682	10
102683	10
102684	10
102685	10
102686	10
102687	10
102688	10
102689	10
102690	10
102691	10
102692	10
102693	10
102694	10
102695	10
102696	10
102697	10
102698	10
102699	10
102700	10
102701	5
102702	5
102703	5
102704	10
102705	10
102706	5
102707	10
102708	10
102709	10
102710	10
102711	10
102712	10
102713	10
102714	10
102715	10
102716	10
102717	10
102718	10
102719	10
102720	10
102721	10
102722	10
102723	10
102724	10
102725	10
102726	10
102727	10
102728	10
102729	10
102730	10
102733	10
102735	10
102736	10
102737	10
102738	10
102739	10
102740	10
102741	10
102742	10
102743	10
102744	10
102745	10
102746	10
102747	10
102748	10
102749	10
102750	10
102751	10
102752	10
102753	10
102754	10
102755	10
102756	10
102757	10
102758	10
102761	10
102762	5
102763	10
102764	5
102765	5
102766	10
102767	5
102768	5
102769	5
102770	5
102771	5
102772	5
102773	5
102774	5
102775	5
102776	5
102777	5
102778	5
102779	5
102780	5
102781	5
102782	5
102783	5
102784	5
102785	5
102786	5
102787	5
102788	5
102789	5
102790	5
102791	5
102792	5
102793	5
102794	5
102795	5
102796	5
102797	5
102798	5
102799	5
102800	5
102801	5
102802	5
102803	5
102804	5
102805	5
102806	5
102807	5
102808	5
102809	5
102810	5
102811	5
102812	5
102813	5
102814	5
102815	5
102816	5
102817	5
102818	5
102819	5
102820	5
102821	5
102822	5
102823	5
102824	5
102825	5
102826	5
102827	5
102828	5
102829	5
102830	5
102831	5
102832	5
102833	5
102834	5
102835	5
102836	5
102837	5
102838	5
102839	5
102840	5
102841	5
102842	5
102843	5
102844	5
102845	5
102846	5
102847	5
102848	5
102849	5
102850	5
102851	5
102852	5
102853	5
102854	5
102855	5
102856	5
102857	5
102858	5
102859	5
102860	5
102861	5
102862	5
102863	5
102864	5
102865	5
102866	5
102867	5
102868	5
102869	5
102870	5
102871	5
102872	5
102873	5
102874	5
102875	5
102876	5
102877	5
102878	5
102879	5
102880	5
102881	5
102882	5
102883	5
102884	5
102885	5
102886	5
102887	5
102888	5
102889	5
102890	5
102891	5
102892	5
102893	5
102894	5
102895	5
102896	5
102897	5
102898	5
102899	5
102900	5
102962	5
102963	5
102965	5
102966	5
102967	5
102968	5
102969	5
102970	11
102971	5
102972	5
102973	5
102974	10
102975	5
102976	5
102977	5
102978	5
102979	5
102980	5
102981	5
102982	5
102983	5
102984	5
102985	5
102986	5
102987	5
102988	5
102989	5
102990	11
102991	11
102992	11
102993	5
102994	5
102995	10
102996	10
102997	5
102998	5
102999	5
103000	5
103001	5
103002	5
103003	10
103004	10
103005	10
103006	10
103007	10
103008	10
103009	5
103010	5
103011	5
103012	10
103013	10
103014	10
103015	5
103016	10
103017	5
103018	10
103019	5
103020	5
103021	5
103022	10
103023	10
103024	10
103025	5
103026	5
103027	10
103028	10
103029	5
103030	5
103031	5
103032	10
103033	10
103034	10
103035	5
103036	5
103037	10
103038	10
103039	5
103040	5
103041	10
103042	10
103043	5
103044	5
103045	10
103046	10
103047	5
103048	5
103049	10
103050	10
103051	5
103052	10
103053	5
103054	10
103055	5
103056	10
103057	5
103058	5
103059	10
103060	10
103061	5
103062	5
103063	10
103064	10
103065	5
103066	5
103067	5
103068	5
103069	10
103070	5
103071	5
103072	10
103073	10
103074	5
103075	5
103076	5
103077	11
103078	11
103079	11
103080	5
103081	5
103082	5
103083	10
103084	10
103085	10
103086	5
103087	5
103088	10
103089	10
103090	5
103091	5
103092	5
103093	5
103094	11
103095	5
103096	10
103097	5
103098	5
103099	5
103100	10
103101	10
103102	10
103103	5
103104	10
103105	5
103106	10
103107	5
103108	5
103109	5
103110	10
103111	10
103112	10
103113	5
103114	5
103115	5
103116	5
103117	10
103118	10
103119	10
103120	10
103121	5
103122	10
103123	5
103124	5
103125	11
103126	11
103127	5
103128	5
103129	10
103130	10
103131	5
103132	5
103133	10
103134	10
103135	5
103136	5
103137	11
103138	11
103139	5
103140	10
103141	5
103142	10
103143	5
103144	10
103145	5
103146	11
103147	5
103148	5
103149	10
103150	10
103151	5
103152	10
103153	5
103154	5
103155	5
103156	5
103157	5
103158	10
103159	10
103160	10
103161	10
103162	10
103163	5
103164	5
103165	5
103166	11
103167	11
103168	11
103169	10
103170	10
103171	10
103172	5
103173	10
103174	5
103175	5
103176	10
103177	10
103178	5
103179	5
103180	10
103181	10
103182	5
103183	5
103184	10
103185	10
103186	5
103187	5
103188	5
103189	10
103190	10
103191	10
103192	5
103193	5
103194	5
103195	5
103196	10
103197	10
103198	10
103199	10
103200	5
103201	5
103202	5
103203	5
103204	5
103205	5
103206	5
103207	5
103208	5
103209	5
103210	5
103211	5
103212	5
103213	5
103214	5
103215	5
103216	5
103217	5
103218	5
103219	5
103220	5
103221	5
103222	5
103223	5
103224	5
103225	11
103226	11
103227	11
103228	5
103229	5
103230	10
103231	10
103232	5
103233	5
103234	5
103235	5
103236	5
103237	5
103238	10
103239	10
103240	10
103241	10
103242	10
103243	10
103244	5
103245	5
103246	5
103247	10
103248	10
103249	10
103250	5
103251	10
103252	5
103253	10
103254	5
103255	5
103256	5
103257	10
103258	10
103259	10
103260	5
103261	5
103262	10
103263	10
103264	5
103265	5
103266	5
103267	10
103268	10
103269	10
103270	5
103271	5
103272	10
103273	10
103274	5
103275	5
103276	10
103277	10
103278	5
103279	5
103280	10
103281	10
103282	5
103283	5
103284	10
103285	10
103286	5
103287	10
103288	5
103289	10
103290	5
103291	10
103292	5
103293	5
103294	10
103295	10
103296	5
103297	5
103298	10
103299	10
103300	5
103301	5
103302	5
103303	5
103304	5
103305	5
103306	5
103307	5
103308	5
103309	5
103310	5
103311	5
103312	5
103313	5
103314	5
103315	5
103316	5
103317	5
103318	5
103319	5
103320	5
103321	5
103322	5
103323	5
103324	5
103325	5
103326	5
103327	5
103328	5
103329	5
103330	5
103331	5
103332	5
103333	5
103334	5
103335	5
103336	5
103337	5
103338	5
103339	5
103340	5
103341	5
103342	5
103343	5
103344	5
103345	5
103346	5
103347	5
103348	5
103349	5
103350	5
103351	5
103352	5
103353	5
103354	5
103355	5
103356	5
103357	5
103358	5
103359	5
103360	5
103361	5
103362	5
103363	5
103364	5
103365	5
103366	5
103367	5
103368	5
103369	5
103370	5
103371	5
103372	5
103373	5
103374	5
103375	5
103376	10
103377	5
103378	5
103379	10
103380	10
103381	5
103382	5
103383	5
103384	11
103385	11
103386	11
103387	5
103388	5
103389	5
103390	10
103391	10
103392	10
103393	5
103394	5
103395	10
103396	10
103397	5
103398	5
103399	5
103400	10
103401	10
103402	10
103403	10
103404	10
103405	10
103406	10
103407	10
103408	10
103409	10
103410	10
103411	10
103412	10
103413	10
103414	10
103415	10
103416	10
103417	10
103418	10
103419	10
103420	10
103421	10
103422	10
103423	10
103424	10
103425	10
103426	10
103427	10
103428	10
103429	10
103430	10
103431	10
103432	10
103433	10
103434	10
103435	10
103436	10
103437	10
103438	10
103439	10
103440	10
103441	10
103442	10
103443	10
103444	10
103445	10
103446	10
103447	10
103448	10
103449	10
103450	10
103451	10
103452	10
103453	10
103454	10
103455	10
103456	10
103457	10
103458	10
103459	10
103460	10
103461	10
103462	10
103463	10
103464	10
103465	10
103466	10
103467	10
103468	10
103469	10
103470	10
103471	10
103472	5
103473	11
103474	5
103475	10
103476	5
103477	5
103478	5
103479	10
103480	10
103481	10
103482	5
103483	10
103484	5
103485	10
103486	5
103487	5
103488	5
103489	10
103490	10
103491	10
103492	5
103493	5
103494	5
103495	5
103496	10
103497	10
103498	10
103499	10
103500	5
103501	10
103502	5
103503	5
103504	11
103505	11
103506	5
103507	5
103508	10
103509	10
103510	5
103511	5
103512	10
103513	10
103514	5
103515	10
103516	5
103517	10
103518	5
103519	10
103520	5
103521	11
103522	5
103523	5
103524	10
103525	10
103526	5
103527	10
103539	5
103540	5
103541	5
103542	5
103543	5
103544	10
103545	10
103546	10
103547	10
103548	10
103549	5
103550	5
103551	5
103552	11
103553	11
103554	11
103555	10
103556	10
103557	10
103558	5
103559	5
103560	5
103561	10
103562	10
103563	5
103564	5
103565	10
103566	10
103567	5
103568	5
103569	10
103570	10
103571	5
103572	5
103573	5
103574	10
103575	10
103576	10
103577	5
103578	5
103579	5
103580	5
103581	10
103582	10
103583	10
103585	10
103586	5
103587	10
103588	11
103589	5
103590	10
103591	11
103592	5
103593	10
103594	11
103595	5
103596	5
103597	5
103600	5
103601	5
103602	5
103603	5
103604	5
103605	5
103606	5
103607	5
103608	5
103609	5
103610	5
103611	5
103612	5
103613	5
103614	5
103615	5
103616	5
103617	5
103618	5
103619	5
103620	5
103621	5
103622	5
103623	5
103624	5
103625	5
103626	5
103627	5
103628	5
103629	5
103630	5
103631	5
103632	5
103633	5
103634	5
103635	5
103636	5
103637	5
103638	5
103639	5
103640	5
103641	5
103642	5
103643	5
103644	5
103645	5
103646	5
103647	5
103648	5
103649	5
103650	5
103651	5
103652	5
103653	5
103654	5
103655	5
103656	5
103657	5
103658	5
103659	5
103660	5
103661	5
103662	5
103663	5
103664	5
103665	5
103666	5
103667	5
103668	5
103669	5
103670	5
103671	5
103672	5
103673	5
103674	5
103675	5
103676	5
103677	5
103678	5
103679	5
103680	5
103681	5
103682	5
103683	5
103684	5
103685	5
103686	5
103687	5
103688	5
103689	5
103690	5
103691	5
103692	5
103693	5
103694	5
103695	10
103696	5
103697	5
103698	5
103700	10
103701	10
103702	10
103703	10
103704	10
103705	10
103706	10
103707	10
103708	10
103709	10
103710	10
103711	10
103712	10
103713	10
103714	10
103715	10
103716	10
103717	10
103718	10
103719	10
103720	10
103721	10
103722	10
103723	10
103724	10
103725	10
103726	10
103727	10
103728	10
103729	10
103730	10
103731	10
103732	10
103733	10
103734	10
103735	10
103736	10
103737	10
103738	10
103739	10
103740	10
103741	10
103742	10
103743	10
103744	10
103745	10
103746	10
103747	10
103748	10
103749	10
103750	10
103751	10
103752	10
103753	10
103754	10
103755	10
103756	10
103757	10
103758	10
103759	10
103760	10
103761	10
103762	10
103763	10
103764	10
103765	10
103766	10
103767	10
103768	10
103769	10
103770	10
103771	10
103772	10
103773	10
103774	10
103775	10
103776	10
103777	10
103778	10
103779	10
103780	10
103781	10
103782	10
103783	10
103784	10
103785	10
103786	10
103787	10
103788	10
103789	10
103790	10
103791	10
103792	10
103793	10
103794	5
103795	5
103796	5
103797	5
103798	5
103799	5
103846	5
103946	10
